name: pegatron
channels:
  - anaconda
  - conda-forge
  - defaults
dependencies:
  - annotated-types=0.5.0=pyhd8ed1ab_0
  - anyio=3.7.1=pyhd8ed1ab_0
  - bzip2=1.0.8=h8ffe710_4
  - ca-certificates=2023.01.10=haa95532_0
  - click=8.1.4=win_pyh7428d3b_0
  - colorama=0.4.6=pyhd8ed1ab_0
  - exceptiongroup=1.1.2=pyhd8ed1ab_0
  - fastapi=0.100.0=pyhd8ed1ab_0
  - freetds=1.3.18=he2ea4bf_0
  - h11=0.14.0=pyhd8ed1ab_0
  - idna=3.4=pyhd8ed1ab_0
  - libexpat=2.5.0=h63175ca_1
  - libffi=3.4.2=h8ffe710_5
  - libsqlite=3.42.0=hcfcfb64_0
  - libzlib=1.2.13=hcfcfb64_5
  - openssl=3.1.1=hcfcfb64_1
  - pip=23.1.2=pyhd8ed1ab_0
  - pydantic=2.0.2=py311ha68e1ae_1
  - pydantic-core=2.1.2=py311hc37eb10_0
  - pymssql=2.2.5=py311h2bbff1b_0
  - python=3.11.4=h2628c8c_0_cpython
  - python_abi=3.11=3_cp311
  - setuptools=68.0.0=pyhd8ed1ab_0
  - sniffio=1.3.0=pyhd8ed1ab_0
  - starlette=0.27.0=pyhd8ed1ab_0
  - tk=8.6.12=h8ffe710_0
  - typing-extensions=4.7.1=hd8ed1ab_0
  - typing_extensions=4.7.1=pyha770c72_0
  - ucrt=10.0.22621.0=h57928b3_0
  - uvicorn=0.22.0=py311h1ea47a8_0
  - vc=14.3=h64f974e_17
  - vc14_runtime=14.36.32532=hfdfe4a8_17
  - vs2015_runtime=14.36.32532=h05e6639_17
  - wheel=0.40.0=pyhd8ed1ab_0
  - xz=5.2.6=h8d14728_0
  - pip:
    - dotmap==1.3.30
    - numpy==1.25.1
    - pandas==2.0.3
    - python-dateutil==2.8.2
    - python-multipart==0.0.6
    - pytz==2023.3
    - pyyaml==6.0
    - six==1.16.0
    - tzdata==2023.3
